<tr><td>93.56</td></tr>
<tr><td>109.89</td></tr>
<tr><td>109.89</td></tr>
<tr><td>109.89</td></tr>
<tr><td>91.85</td></tr>
<tr><td>109.89</td></tr>
<tr><td>109.89</td></tr>
<tr><td>109.89</td></tr>
<tr><td>109.89</td></tr>
<tr><td>109.89</td></tr>
<tr><td>109.89</td></tr>
<tr><td>109.89</td></tr>
<tr><td>109.89</td></tr>
<tr><td>109.89</td></tr>
109.89
109.89
95.28
109.89
109.89
109.89
109.89
109.89
109.89
109.89
93.99
109.89
109.89
109.89
85.62
109.89
109.89
109.89
109.89
109.89
109.89
109.89
109.89
109.89
91.85
109.89
109.89
109.89
109.89
109.89
109.89
109.89
109.89
109.89
109.89
109.89
109.89
109.89
109.89
109.89
109.89
109.89
109.89
109.89
109.89
109.89
109.89
109.89
109.89
109.89
109.89
109.89
109.89
109.89
109.89
89.27
109.89
109.89
83.25
109.89
109.89
109.89
109.89
109.89
109.89
109.89
109.89
109.89
109.89
109.89
109.89
109.89
109.89
109.89
109.89
109.89
109.89
109.89
109.89
109.89
109.89
109.89
109.89
109.89
109.89
109.89
109.89
109.89
109.89
94.42
109.89
109.89
109.89
109.89
109.89
109.89
109.89
109.89
94.42
109.89
109.89
92.28
109.89
109.89
109.89
109.89
109.89
109.89
109.89
109.89
109.89
109.89
109.89
109.89
109.89
109.89
81.43
109.89
109.89
109.89
109.89
109.89
109.89
109.89
109.89
109.89
109.89
109.89
109.89
109.89
109.89
109.89
109.89
109.89
109.89
109.89
109.89
109.89
109.89
109.89
109.89
109.89
109.89
109.89
109.89
109.89
109.89
109.89
109.89
109.89
109.89
109.89
109.89
109.89
109.89
109.89
109.89
109.89
109.89
109.89
109.89
109.89
109.89
109.89
109.89
109.89
109.89
109.89
109.89
109.89
109.89
109.89
109.89
109.89
109.89
109.89
109.89
109.89
109.89
109.89
109.89
109.89
109.89
109.89
109.89
109.89
109.89
109.89
109.89
109.89
109.89
109.89
109.89
109.89
109.89
109.89
109.89
109.89
109.89
109.89
109.89
109.89
42.54
64.35
61.45
59.83
61.12
58.22
60.80
40.50
55.86
56.18
60.48
51.24
44.79
43.40
36.74
37.28
36.85
36.52
36.42
38.56
3.33
55.32
62.84
65.42
52.96
50.38
52.53
63.70
53.71
64.67
67.25
91.42
87.98
90.88
90.99
90.23
91.20
91.09
90.34
91.20
89.16
89.48
90.77
86.37
88.73
